/media/byd/A264AC9264AC6AAD/DataSet/corner_point/VOC2012/JPEGImages/04-19_ps10_2022.4.6_CZ-2_104.jpg 53,36,93,76,0
/media/byd/A264AC9264AC6AAD/DataSet/corner_point/VOC2012/JPEGImages/04-19_ps10_2022.4.6_CZ-2_106.jpg 53,195,93,235,0 53,100,93,140,0 49,292,89,332,2
/media/byd/A264AC9264AC6AAD/DataSet/corner_point/VOC2012/JPEGImages/04-19_ps10_2022.4.6_CZ-2_110.jpg 56,216,96,256,0 62,412,102,452,2 55,317,95,357,0
/media/byd/A264AC9264AC6AAD/DataSet/corner_point/VOC2012/JPEGImages/04-19_ps10_2022.4.6_CZ-2_135.jpg 325,69,365,109,0 478,268,512,308,0 0,145,40,185,0 389,146,429,186,2 417,184,457,224,2 264,0,304,38,0
/media/byd/A264AC9264AC6AAD/DataSet/corner_point/VOC2012/JPEGImages/04-19_ps10_2022.4.6_CZ-2_151.jpg 377,211,417,251,2 377,258,417,298,2 378,117,418,157,2 374,73,414,113,2 58,123,98,163,2 56,212,96,252,2 62,0,102,31,2 373,355,413,395,0 55,359,95,399,0 370,443,410,483,2 58,447,98,487,2
/media/byd/A264AC9264AC6AAD/DataSet/corner_point/VOC2012/JPEGImages/04-19_ps10_2022.4.6_CZ-2_174.jpg 64,236,104,276,2 19,151,59,191,0 318,50,358,90,0 389,440,429,480,2
/media/byd/A264AC9264AC6AAD/DataSet/corner_point/VOC2012/JPEGImages/04-19_ps10_2022.4.6_CZ-2_191.jpg 26,221,66,261,0 340,57,380,97,0 378,147,418,187,0 468,401,508,441,0 413,244,453,284,2 441,314,481,354,2
/media/byd/A264AC9264AC6AAD/DataSet/corner_point/VOC2012/JPEGImages/04-19_ps10_2022.4.6_CZ-2_207.jpg 233,74,273,114,0 123,116,163,156,0 290,370,330,410,0 402,328,442,368,0 24,464,64,504,0 340,37,380,77,2 15,160,55,200,2 183,413,223,453,2 133,430,173,470,2
/media/byd/A264AC9264AC6AAD/DataSet/corner_point/VOC2012/JPEGImages/04-19_ps10_2022.4.6_CZ-2_210.jpg 482,21,512,61,2 141,311,181,351,2 80,310,120,350,2 367,25,407,65,0 392,305,432,345,0
/media/byd/A264AC9264AC6AAD/DataSet/corner_point/VOC2012/JPEGImages/04-19_ps10_2022.4.6_CZ-2_214.jpg 23,206,63,246,0 241,368,281,408,0 331,431,371,471,0 248,7,288,47,0 105,272,145,312,2 154,309,194,349,2 395,92,435,132,2
/media/byd/A264AC9264AC6AAD/DataSet/corner_point/VOC2012/JPEGImages/04-19_ps10_2022.4.6_CZ-2_216.jpg 67,203,107,243,2 67,300,107,340,2 434,24,474,64,2 67,108,107,148,0 70,391,110,431,0 72,472,112,512,0 428,387,468,427,0
/media/byd/A264AC9264AC6AAD/DataSet/corner_point/VOC2012/JPEGImages/04-19_ps10_2022.4.6_CZ-2_218.jpg 65,424,105,464,2 62,239,102,279,2 424,61,464,101,2 436,241,476,281,2
/media/byd/A264AC9264AC6AAD/DataSet/corner_point/VOC2012/JPEGImages/04-19_ps10_2022.4.6_CZ-2_222.jpg 48,0,88,23,2 62,244,102,284,2 438,205,478,245,2 57,152,97,192,0
/media/byd/A264AC9264AC6AAD/DataSet/corner_point/VOC2012/JPEGImages/04-19_ps10_2022.4.6_CZ-2_227.jpg 461,104,501,144,2 143,58,183,98,2 393,385,433,425,2 469,68,509,108,2 164,0,204,39,2 121,149,161,189,0 96,245,136,285,0 421,290,461,330,0 443,195,483,235,0
/media/byd/A264AC9264AC6AAD/DataSet/corner_point/VOC2012/JPEGImages/04-19_ps10_2022.4.6_CZ-2_240.jpg 78,35,118,75,0 80,125,120,165,0 86,359,126,399,0 94,449,134,489,0 398,32,438,72,0 403,114,443,154,2 80,216,120,256,2 82,261,122,301,2
/media/byd/A264AC9264AC6AAD/DataSet/corner_point/VOC2012/JPEGImages/04-19_ps10_2022.4.6_CZ-2_241.jpg 75,108,115,148,0 78,202,118,242,0 89,428,129,468,0 403,100,443,140,0 409,192,449,232,2 72,21,112,61,2 80,299,120,339,2 82,340,122,380,2
/media/byd/A264AC9264AC6AAD/DataSet/corner_point/VOC2012/JPEGImages/12.12-1401_ps7_000071.jpg 118,57,158,97,2 114,94,154,134,2 91,418,131,458,2 387,395,427,435,2 414,113,454,153,2 416,71,456,111,2 423,0,463,35,0 405,208,445,248,0 395,304,435,344,0 99,288,139,328,0 92,378,132,418,2 108,189,148,229,0 122,0,162,36,0
/media/byd/A264AC9264AC6AAD/DataSet/corner_point/VOC2012/JPEGImages/12.12-1401_ps7_000072.jpg 123,8,163,48,0 116,218,156,258,2 116,169,156,209,2 413,181,453,221,2 411,231,451,271,2 109,316,149,356,0 121,79,161,119,0 420,93,460,133,0 424,13,464,53,0 404,325,444,365,0 396,410,436,450,0
/media/byd/A264AC9264AC6AAD/DataSet/corner_point/VOC2012/JPEGImages/12.12-1401_ps7_000073.jpg 412,347,452,387,2 115,27,155,67,2 118,305,158,345,2 118,345,158,385,2 412,298,452,338,2 419,27,459,67,2 417,111,457,151,0 415,203,455,243,0 410,429,450,469,0 117,426,157,466,0 119,205,159,245,0 116,105,156,145,0
/media/byd/A264AC9264AC6AAD/DataSet/corner_point/VOC2012/JPEGImages/12.12-1401_ps7_000074.jpg 119,238,159,278,0 417,325,457,365,0 416,230,456,270,0 413,58,453,98,2 414,132,454,172,2 417,411,457,451,2 123,418,163,458,2 123,451,163,491,2 114,139,154,179,2
/media/byd/A264AC9264AC6AAD/DataSet/corner_point/VOC2012/JPEGImages/12.12-1401_ps7_000075.jpg 406,39,446,79,0 409,130,449,170,0 416,393,456,433,0 123,403,163,443,0 119,318,159,358,2 411,224,451,264,2 414,468,454,508,0
/media/byd/A264AC9264AC6AAD/DataSet/corner_point/VOC2012/JPEGImages/12.12-1401_ps7_000076.jpg 68,36,108,76,2 123,440,163,480,2 394,71,434,111,2 400,163,440,203,0 405,259,445,299,0
/media/byd/A264AC9264AC6AAD/DataSet/corner_point/VOC2012/JPEGImages/12.12-1401_ps7_000077.jpg 390,200,430,240,2 387,131,427,171,2 65,156,105,196,2 56,71,96,111,0 50,3,90,43,0 397,297,437,337,0 405,387,445,427,0 378,41,418,81,0
/media/byd/A264AC9264AC6AAD/DataSet/corner_point/VOC2012/JPEGImages/12.12-1401_ps7_000078.jpg 63,0,103,39,2 62,27,102,67,2 71,285,111,325,2 382,6,422,46,2 389,276,429,316,2 64,96,104,136,0 67,186,107,226,0 383,87,423,127,0 386,176,426,216,0 394,425,434,465,0 391,340,431,380,2
/media/byd/A264AC9264AC6AAD/DataSet/corner_point/VOC2012/JPEGImages/12.12-1401_ps7_000079.jpg 395,82,435,122,2 72,13,112,53,0 72,222,112,262,0 74,315,114,355,0 389,319,429,359,0 391,223,431,263,0 397,0,437,39,0 386,406,426,446,2 395,126,435,166,2 70,87,110,127,2 69,127,109,167,2 76,399,116,439,2
/media/byd/A264AC9264AC6AAD/DataSet/corner_point/VOC2012/JPEGImages/12.12-1401_ps7_000080.jpg 398,269,438,309,2 79,260,119,300,2 81,215,121,255,2 402,221,442,261,2 85,119,125,159,0 90,42,130,82,0 409,45,449,85,0 405,128,445,168,0 392,361,432,401,0 77,351,117,391,0 73,431,113,471,0 387,448,427,488,0
/media/byd/A264AC9264AC6AAD/DataSet/corner_point/VOC2012/JPEGImages/12.12-1401_ps7_000081.jpg 415,76,455,116,2 400,349,440,389,2 85,345,125,385,2 85,384,125,424,2 88,65,128,105,2 93,29,133,69,2 409,163,449,203,0 403,260,443,300,0 393,466,433,506,0 85,456,125,496,0 88,256,128,296,0 89,155,129,195,0
/media/byd/A264AC9264AC6AAD/DataSet/corner_point/VOC2012/JPEGImages/12.12-1401_ps7_000082.jpg 89,145,129,185,2 91,195,131,235,2 95,458,135,498,2 408,462,448,502,2 410,146,450,186,2 412,195,452,235,2 412,0,452,26,2 92,60,132,100,0 92,294,132,334,0 93,381,133,421,0 410,289,450,329,0 408,380,448,420,0
/media/byd/A264AC9264AC6AAD/DataSet/corner_point/VOC2012/JPEGImages/12.12-1401_ps7_000084.jpg 409,63,449,103,2 86,109,126,149,2 86,64,126,104,2 84,0,124,38,2 408,0,448,33,2 409,107,449,147,2 409,381,449,421,2 97,389,137,429,2 97,431,137,471,2 89,205,129,245,0 93,304,133,344,0 409,296,449,336,0 409,201,449,241,0
/media/byd/A264AC9264AC6AAD/DataSet/corner_point/VOC2012/JPEGImages/12.12-1401_ps7_000085.jpg 94,320,134,360,0 411,398,451,438,0 411,309,451,349,0 410,79,450,119,2 410,167,450,207,2 410,214,450,254,2 412,472,452,512,2 89,221,129,261,2 89,167,129,207,2 88,80,128,120,2
/media/byd/A264AC9264AC6AAD/DataSet/corner_point/VOC2012/JPEGImages/12.12-1401_ps7_000086.jpg 412,382,452,422,0 414,458,454,498,0 100,394,140,434,0 407,153,447,193,2 408,247,448,287,2 412,296,452,336,2 86,159,126,199,2 90,256,130,296,2 95,308,135,348,2
/media/byd/A264AC9264AC6AAD/DataSet/corner_point/VOC2012/JPEGImages/12.12-1401_ps7_000088.jpg 157,14,197,54,2 80,348,120,388,2 136,425,176,465,2 167,461,207,501,2 356,228,396,268,2 65,48,105,88,0
/media/byd/A264AC9264AC6AAD/DataSet/corner_point/VOC2012/JPEGImages/12.12-1401_ps7_000090.jpg 189,16,229,56,2 115,426,155,466,2 85,71,125,111,2 344,267,384,307,2 206,482,246,512,2 185,472,225,512,0 7,142,47,182,0
/media/byd/A264AC9264AC6AAD/DataSet/corner_point/VOC2012/JPEGImages/12.12-1401_ps7_000093.jpg 306,156,346,196,2 420,204,460,244,2 277,419,317,459,2 339,440,379,480,2 0,75,32,115,2 420,4,460,44,0 437,469,477,509,0
/media/byd/A264AC9264AC6AAD/DataSet/corner_point/VOC2012/JPEGImages/12.12-1401_ps7_000094.jpg 181,357,221,397,2 285,113,325,153,2 400,149,440,189,2 296,382,336,422,2 358,399,398,439,2 462,416,502,456,0
/media/byd/A264AC9264AC6AAD/DataSet/corner_point/VOC2012/JPEGImages/12.12-1401_ps7_000095.jpg 303,343,343,383,2 368,354,408,394,2 259,77,299,117,2 379,97,419,137,2 435,115,475,155,2 475,364,512,404,0
/media/byd/A264AC9264AC6AAD/DataSet/corner_point/VOC2012/JPEGImages/12.12-1401_ps7_000096.jpg 485,312,512,352,0 227,37,267,77,2 352,50,392,90,2 374,305,414,345,2 305,301,345,341,2 153,459,193,499,2 274,469,314,509,2
/media/byd/A264AC9264AC6AAD/DataSet/corner_point/VOC2012/JPEGImages/12.12-1401_ps7_000097.jpg 372,259,412,299,2 385,17,425,57,2 326,11,366,51,2 170,433,210,473,2 301,255,341,295,2 300,438,340,478,2 484,259,512,299,0 178,25,218,65,2
/media/byd/A264AC9264AC6AAD/DataSet/corner_point/VOC2012/JPEGImages/12.12-1401_ps7_000100.jpg 301,152,341,192,2 369,158,409,198,2 361,357,401,397,2 174,351,214,391,2 295,355,335,395,2 183,148,223,188,2
/media/byd/A264AC9264AC6AAD/DataSet/corner_point/VOC2012/JPEGImages/12.12-1401_ps7_000103.jpg 174,336,214,376,2 293,339,333,379,2 360,342,400,382,2 301,134,341,174,2 180,133,220,173,2
/media/byd/A264AC9264AC6AAD/DataSet/corner_point/VOC2012/JPEGImages/2022.4.27_20_92.jpg 330,31,370,71,0 331,258,371,298,0 321,478,361,512,2
/media/byd/A264AC9264AC6AAD/DataSet/corner_point/VOC2012/JPEGImages/2022.4.27_20_93.jpg 330,143,370,183,0 325,378,365,418,0
/media/byd/A264AC9264AC6AAD/DataSet/corner_point/VOC2012/JPEGImages/2022.4.27_20_94.jpg 330,259,370,299,0 324,33,364,73,0
/media/byd/A264AC9264AC6AAD/DataSet/corner_point/VOC2012/JPEGImages/2022.4.27_20_95.jpg 425,135,465,175,0 326,132,366,172,0 330,367,370,407,0
/media/byd/A264AC9264AC6AAD/DataSet/corner_point/VOC2012/JPEGImages/2022.4.27_20_96.jpg 319,98,359,138,0 324,334,364,374,0
/media/byd/A264AC9264AC6AAD/DataSet/corner_point/VOC2012/JPEGImages/2022.4.27_20_97.jpg 311,0,351,34,2 320,209,360,249,0 322,437,362,477,0 420,209,460,249,0
/media/byd/A264AC9264AC6AAD/DataSet/corner_point/VOC2012/JPEGImages/2022.4.27_20_98.jpg 319,330,359,370,0 316,96,356,136,2
/media/byd/A264AC9264AC6AAD/DataSet/corner_point/VOC2012/JPEGImages/2022.4.27_20_99.jpg 320,218,360,258,2 315,446,355,486,0 418,218,458,258,2
/media/byd/A264AC9264AC6AAD/DataSet/corner_point/VOC2012/JPEGImages/2022.4.27_21_10.jpg 309,113,349,153,0 309,350,349,390,0
/media/byd/A264AC9264AC6AAD/DataSet/corner_point/VOC2012/JPEGImages/2022.4.27_21_100.jpg 292,292,332,332,0 296,55,336,95,0
/media/byd/A264AC9264AC6AAD/DataSet/corner_point/VOC2012/JPEGImages/2022.4.27_21_101.jpg 297,8,337,48,0 297,228,337,268,0 296,452,336,492,0
/media/byd/A264AC9264AC6AAD/DataSet/corner_point/VOC2012/JPEGImages/2022.4.27_21_102.jpg 302,165,342,205,0 295,398,335,438,0
/media/byd/A264AC9264AC6AAD/DataSet/corner_point/VOC2012/JPEGImages/2022.4.27_21_103.jpg 300,345,340,385,0 302,105,342,145,0
/media/byd/A264AC9264AC6AAD/DataSet/corner_point/VOC2012/JPEGImages/2022.4.27_21_105.jpg 307,464,347,504,0 302,214,342,254,0 307,448,347,488,0 296,0,336,30,0
/media/byd/A264AC9264AC6AAD/DataSet/corner_point/VOC2012/JPEGImages/2022.4.27_21_106.jpg 302,67,342,107,0 300,303,340,343,0
/media/byd/A264AC9264AC6AAD/DataSet/corner_point/VOC2012/JPEGImages/2022.4.27_21_107.jpg 428,231,468,271,1 302,453,342,493,0 303,224,343,264,0 302,472,342,512,0 301,36,341,76,2
/media/byd/A264AC9264AC6AAD/DataSet/corner_point/VOC2012/JPEGImages/2022.4.27_21_108.jpg 304,183,344,223,2 300,380,340,420,0
/media/byd/A264AC9264AC6AAD/DataSet/corner_point/VOC2012/JPEGImages/2022.4.27_21_109.jpg 303,345,343,385,2
/media/byd/A264AC9264AC6AAD/DataSet/corner_point/VOC2012/JPEGImages/2022.4.27_21_11.jpg 309,15,349,55,0 311,245,351,285,0 318,470,358,510,0
/media/byd/A264AC9264AC6AAD/DataSet/corner_point/VOC2012/JPEGImages/2022.4.27_21_110.jpg 306,50,346,90,2
/media/byd/A264AC9264AC6AAD/DataSet/corner_point/VOC2012/JPEGImages/2022.4.27_21_111.jpg 317,0,357,27,2 315,196,355,236,2
/media/byd/A264AC9264AC6AAD/DataSet/corner_point/VOC2012/JPEGImages/2022.4.27_21_112.jpg 39,99,79,139,2 315,396,355,436,2 323,164,363,204,0 28,276,68,316,2
/media/byd/A264AC9264AC6AAD/DataSet/corner_point/VOC2012/JPEGImages/2022.4.27_21_113.jpg 315,86,355,126,0 319,330,359,370,0 30,285,70,325,2 34,165,74,205,2
/media/byd/A264AC9264AC6AAD/DataSet/corner_point/VOC2012/JPEGImages/2022.4.27_21_114.jpg 317,254,357,294,0 327,477,367,512,0 309,29,349,69,0 30,350,70,390,2
/media/byd/A264AC9264AC6AAD/DataSet/corner_point/VOC2012/JPEGImages/2022.4.27_21_115.jpg 312,181,352,221,0 313,415,353,455,0
/media/byd/A264AC9264AC6AAD/DataSet/corner_point/VOC2012/JPEGImages/2022.4.27_21_117.jpg 308,292,348,332,0 303,57,343,97,0
/media/byd/A264AC9264AC6AAD/DataSet/corner_point/VOC2012/JPEGImages/2022.4.27_21_118.jpg 306,230,346,270,0 308,453,348,493,0 307,472,347,512,0 301,7,341,47,0
/media/byd/A264AC9264AC6AAD/DataSet/corner_point/VOC2012/JPEGImages/2022.4.27_21_119.jpg 302,388,342,428,0 304,187,344,227,0 299,0,339,28,2
/media/byd/A264AC9264AC6AAD/DataSet/corner_point/VOC2012/JPEGImages/04-19_ps1_2022.2.24_CZ-T-N4_135.jpg 382,129,422,169,1 382,178,422,218,1 85,174,125,214,1 87,126,127,166,1 383,277,423,317,3 379,371,419,411,3 80,273,120,313,3 96,39,136,79,3 383,44,423,84,3 84,366,124,406,3
/media/byd/A264AC9264AC6AAD/DataSet/corner_point/VOC2012/JPEGImages/04-19_ps1_2022.2.24_CZ-T-N4_137.jpg 382,311,422,351,1 85,311,125,351,1 94,33,134,73,1 381,361,421,401,1 378,34,418,74,1 87,118,127,158,3 85,213,125,253,3 382,116,422,156,3 385,213,425,253,3
/media/byd/A264AC9264AC6AAD/DataSet/corner_point/VOC2012/JPEGImages/04-19_ps1_2022.2.24_CZ-T-N4_141.jpg 86,397,126,437,1 81,63,121,103,1 77,111,117,151,1 368,66,408,106,1 374,113,414,153,1 376,395,416,435,1 379,438,419,478,1 77,208,117,248,3 80,306,120,346,3 376,208,416,248,3 377,305,417,345,3
/media/byd/A264AC9264AC6AAD/DataSet/corner_point/VOC2012/JPEGImages/04-19_ps1_2022.2.24_CZ-T-N4_142.jpg 76,259,116,299,1 77,313,117,353,1 376,312,416,352,1 374,259,414,299,1 76,150,116,190,3 83,52,123,92,3 368,53,408,93,3 373,149,413,189,3 374,404,414,444,3
/media/byd/A264AC9264AC6AAD/DataSet/corner_point/VOC2012/JPEGImages/04-19_ps1_2022.2.24_CZ-T-N4_35.jpg 325,94,365,134,4 325,228,365,268,4 324,365,364,405,4
/media/byd/A264AC9264AC6AAD/DataSet/corner_point/VOC2012/JPEGImages/04-19_ps1_2022.2.24_CZ-T-N4_39.jpg 15,141,55,181,1 11,375,51,415,1 323,452,363,492,4 9,259,49,299,3 328,177,368,217,4 326,317,366,357,4 326,57,366,97,4
/media/byd/A264AC9264AC6AAD/DataSet/corner_point/VOC2012/JPEGImages/04-19_ps1_2022.2.24_CZ-T-N4_45.jpg 329,467,369,507,4 333,69,373,109,4 334,198,374,238,4 331,338,371,378,4
/media/byd/A264AC9264AC6AAD/DataSet/corner_point/VOC2012/JPEGImages/04-19_ps1_2022.2.24_CZ-T-N4_5.jpg 321,28,361,68,1 310,251,350,291,1 286,203,326,243,1 308,349,348,389,2 296,109,336,149,3 308,394,348,434,2
/media/byd/A264AC9264AC6AAD/DataSet/corner_point/VOC2012/JPEGImages/04-19_ps1_2022.2.24_CZ-T-N4_60.jpg 34,154,74,194,1 124,333,164,373,1 291,35,331,75,1 73,239,113,279,3
/media/byd/A264AC9264AC6AAD/DataSet/corner_point/VOC2012/JPEGImages/04-19_ps1_2022.2.24_CZ-T-N4_68.jpg 367,22,407,62,1 366,67,406,107,1 377,281,417,321,1 377,356,417,396,1 383,466,423,506,3 372,167,412,207,3
/media/byd/A264AC9264AC6AAD/DataSet/corner_point/VOC2012/JPEGImages/04-19_ps1_2022.2.24_CZ-T-N4_7.jpg 320,87,360,127,1 292,276,332,316,1 311,324,351,364,1 296,469,336,509,2 303,422,343,462,2 307,177,347,217,3
/media/byd/A264AC9264AC6AAD/DataSet/corner_point/VOC2012/JPEGImages/04-19_ps1_2022.2.24_CZ-T-N4_74.jpg 394,259,434,299,1 99,302,139,342,1 337,75,377,115,3 367,163,407,203,3 35,37,75,77,3 52,115,92,155,3 72,204,112,244,3
/media/byd/A264AC9264AC6AAD/DataSet/corner_point/VOC2012/JPEGImages/04-19_ps1_2022.2.24_CZ-T-N4_75.jpg 87,41,127,81,1 87,86,127,126,1 376,128,416,168,1 383,185,423,225,1 83,180,123,220,3 83,277,123,317,3 383,285,423,325,3 380,378,420,418,3 86,372,126,412,3
/media/byd/A264AC9264AC6AAD/DataSet/corner_point/VOC2012/JPEGImages/04-19_ps1_2022.2.24_CZ-T-N4_83.jpg 82,12,122,52,1 370,36,410,76,1 379,282,419,322,1 381,219,421,259,1 78,234,118,274,1 79,285,119,325,1 380,463,420,503,3 93,461,133,501,3 376,120,416,160,3 76,113,116,153,3 84,377,124,417,3 382,375,422,415,3
/media/byd/A264AC9264AC6AAD/DataSet/corner_point/VOC2012/JPEGImages/04-19_ps1_2022.2.24_CZ-T-N4_85.jpg 80,33,120,73,1 80,72,120,112,1 372,370,412,410,1 73,331,113,371,1 70,290,110,330,1 71,176,111,216,3 77,438,117,478,3 370,454,410,494,3
/media/byd/A264AC9264AC6AAD/DataSet/corner_point/VOC2012/JPEGImages/04-19_ps1_2022.2.24_CZ-T-N4_87.jpg 78,276,118,316,1 76,322,116,362,1 382,148,422,188,1 80,177,120,217,3 381,59,421,99,3 86,85,126,125,3
/media/byd/A264AC9264AC6AAD/DataSet/corner_point/VOC2012/JPEGImages/04-19_ps10_2022.4.6_CZ-2_244.jpg 405,277,445,317,2 404,132,444,172,0 396,450,436,490,0 75,224,115,264,2 74,268,114,308,2 403,46,443,86,0 400,367,440,407,0 74,365,114,405,0 76,454,116,494,0 80,38,120,78,0
/media/byd/A264AC9264AC6AAD/DataSet/corner_point/VOC2012/JPEGImages/04-19_ps1_2022.2.24_CZ-T-N3_105.jpg 108,48,148,88,2 99,312,139,352,2 102,363,142,403,2 381,365,421,405,2 383,312,423,352,2 375,58,415,98,2 103,128,143,168,0 101,218,141,258,0 381,219,421,259,0 379,134,419,174,0 377,449,417,489,0
/media/byd/A264AC9264AC6AAD/DataSet/corner_point/VOC2012/JPEGImages/04-19_ps1_2022.2.24_CZ-T-N3_146.jpg 118,425,158,465,0 77,34,117,74,0 359,21,399,61,2 78,106,118,146,0 103,339,143,379,0 91,250,131,290,2 86,191,126,231,2
/media/byd/A264AC9264AC6AAD/DataSet/corner_point/VOC2012/JPEGImages/04-19_ps1_2022.2.24_CZ-T-N3_30.jpg 100,28,140,68,0 98,103,138,143,0 104,333,144,373,0 107,413,147,453,0 349,414,389,454,0 349,330,389,370,0 340,100,380,140,0 97,190,137,230,2 97,242,137,282,2 346,186,386,226,2 347,239,387,279,2 337,27,377,67,0
/media/byd/A264AC9264AC6AAD/DataSet/corner_point/VOC2012/JPEGImages/04-19_ps1_2022.2.24_CZ-T-N4_133.jpg 375,277,415,317,1 98,1,138,41,1 77,268,117,308,1 77,318,117,358,1 379,178,419,218,3 379,85,419,125,3 89,78,129,118,3 81,168,121,208,3
/media/byd/A264AC9264AC6AAD/DataSet/corner_point/VOC2012/JPEGImages/04-19_ps1_2022.2.24_CZ-T-N4_89.jpg 83,300,123,340,1 386,268,426,308,1 384,321,424,361,1 381,410,421,450,3 386,77,426,117,3 85,202,125,242,3 389,170,429,210,3 88,106,128,146,3
/media/byd/A264AC9264AC6AAD/DataSet/corner_point/VOC2012/JPEGImages/04-19_ps2_2022.2.24_CZ-T-N4_197.jpg 81,363,121,403,1 83,104,123,144,1 77,322,117,362,1 380,60,420,100,1 377,108,417,148,1 368,389,408,429,1 80,470,120,510,3 84,212,124,252,3 380,200,420,240,3 376,296,416,336,3
/media/byd/A264AC9264AC6AAD/DataSet/corner_point/VOC2012/JPEGImages/04-19_ps2_2022.2.24_CZ-T-N4_251.jpg 98,76,138,116,1 96,36,136,76,1 365,29,405,69,1 369,61,409,101,1 109,363,149,403,1 113,403,153,443,1 94,163,134,203,3 102,266,142,306,3
/media/byd/A264AC9264AC6AAD/DataSet/corner_point/VOC2012/JPEGImages/04-19_ps2_2022.2.24_CZ-T-N4_340.jpg 291,253,331,293,1 384,193,424,233,1
/media/byd/A264AC9264AC6AAD/DataSet/corner_point/VOC2012/JPEGImages/04-19_ps3_2022.2.24_CZ-T-N5_152.jpg 102,60,142,100,1 360,51,400,91,1 100,93,140,133,1 365,83,405,123,1 126,406,166,446,1 387,357,427,397,1 373,168,413,208,3 380,264,420,304,3 104,195,144,235,3 116,305,156,345,3
/media/byd/A264AC9264AC6AAD/DataSet/corner_point/VOC2012/JPEGImages/04-19_ps3_2022.2.24_CZ-T-N5_230.jpg 457,393,497,433,1 74,221,114,261,1 442,201,482,241,1 81,319,121,359,3
/media/byd/A264AC9264AC6AAD/DataSet/corner_point/VOC2012/JPEGImages/04-19_ps3_2022.2.24_CZ-T-N5_250.jpg 105,85,145,125,1 95,322,135,362,1 398,377,438,417,1 400,98,440,138,1 96,202,136,242,3 404,189,444,229,3 403,287,443,327,3
/media/byd/A264AC9264AC6AAD/DataSet/corner_point/VOC2012/JPEGImages/04-19_ps3_2022.2.24_CZ-T-N5_288.jpg 83,206,123,246,1 374,208,414,248,1 89,90,129,130,3 80,368,120,408,3 83,450,123,490,3 375,105,415,145,3
/media/byd/A264AC9264AC6AAD/DataSet/corner_point/VOC2012/JPEGImages/04-19_ps3_2022.2.24_CZ-T-N5_323.jpg 83,277,123,317,1 394,280,434,320,1 393,322,433,362,1 87,155,127,195,3 396,160,436,200,3
/media/byd/A264AC9264AC6AAD/DataSet/corner_point/VOC2012/JPEGImages/04-19_ps4_2022.2.24_CZ-T-N6_112.jpg 97,104,137,144,1 377,138,417,178,1 381,172,421,212,1 373,383,413,423,1 374,424,414,464,1 376,34,416,74,3 379,280,419,320,3 102,11,142,51,3
/media/byd/A264AC9264AC6AAD/DataSet/corner_point/VOC2012/JPEGImages/04-19_ps4_2022.2.24_CZ-T-N6_52.jpg 99,45,139,85,1 381,213,421,253,1 378,262,418,302,1 376,35,416,75,3 380,120,420,160,3 375,355,415,395,3 372,445,412,485,3
/media/byd/A264AC9264AC6AAD/DataSet/corner_point/VOC2012/JPEGImages/04-19_ps4_2022.2.24_CZ-T-N7_115.jpg 78,291,118,331,1 376,30,416,70,1 376,67,416,107,1 379,246,419,286,1 378,290,418,330,1 15,231,55,271,2 79,380,119,420,3 380,151,420,191,3 374,379,414,419,3
/media/byd/A264AC9264AC6AAD/DataSet/corner_point/VOC2012/JPEGImages/04-19_ps4_2022.2.24_CZ-T-N7_42.jpg 368,225,408,265,1 369,172,409,212,1 366,408,406,448,3 367,83,407,123,3 369,321,409,361,3
/media/byd/A264AC9264AC6AAD/DataSet/corner_point/VOC2012/JPEGImages/2022.4.9_CZ-9_80.jpg 338,0,378,40,0 344,317,384,357,0 339,406,379,446,0 0,397,35,437,0 0,304,35,344,0 341,81,381,121,0 344,217,384,257,2 343,173,383,213,2 0,216,34,256,2 0,175,38,215,2
/media/byd/A264AC9264AC6AAD/DataSet/corner_point/VOC2012/JPEGImages/2022.4.9_CZ-9_81.jpg 0,466,39,506,0 344,253,384,293,2 342,299,382,339,2 0,250,34,290,2 0,159,39,199,0 344,158,384,198,0 339,67,379,107,0 341,390,381,430,0 339,472,379,512,0 0,379,37,419,0
/media/byd/A264AC9264AC6AAD/DataSet/corner_point/VOC2012/JPEGImages/2022.4.9_CZ-9_82.jpg 0,234,36,274,0 340,139,380,179,0 342,236,382,276,0 342,375,382,415,2 0,325,35,365,2 336,50,376,90,2 338,14,378,54,2 342,335,382,375,2 340,459,380,499,0
/media/byd/A264AC9264AC6AAD/DataSet/corner_point/VOC2012/JPEGImages/2022.4.9_CZ-9_84.jpg 339,390,379,430,0 340,298,380,338,0 335,67,375,107,0 0,77,37,117,0 0,290,35,330,0 0,202,37,242,2 0,162,37,202,2 340,199,380,239,2 340,156,380,196,2
/media/byd/A264AC9264AC6AAD/DataSet/corner_point/VOC2012/JPEGImages/2022.4.9_CZ-9_86.jpg 0,157,31,197,0 336,344,376,384,2 335,383,375,423,2 331,61,371,101,2 0,32,36,72,2 0,70,32,110,2 337,248,377,288,0 335,150,375,190,0 330,25,370,65,2 334,467,374,507,0
/media/byd/A264AC9264AC6AAD/DataSet/corner_point/VOC2012/JPEGImages/2022.4.9_CZ-9_87.jpg 337,231,377,271,0 334,330,374,370,0 0,226,31,266,0 0,26,39,66,0 331,93,371,133,2 334,133,374,173,2 333,419,373,459,2 0,142,35,182,2 0,103,38,143,2
/media/byd/A264AC9264AC6AAD/DataSet/corner_point/VOC2012/JPEGImages/2022.4.9_CZ-9_88.jpg 336,215,376,255,2 336,170,376,210,2 0,211,36,251,2 0,172,38,212,2 4,7,44,47,0 1,88,41,128,0 333,79,373,119,0 333,313,373,353,0 331,403,371,443,0 0,298,27,338,0
/media/byd/A264AC9264AC6AAD/DataSet/corner_point/VOC2012/JPEGImages/2022.4.9_CZ-9_89.jpg 329,385,369,425,0 337,154,377,194,0 337,61,377,101,0 1,70,41,110,0 0,154,37,194,0 0,242,33,282,2 0,280,34,320,2 338,253,378,293,2 335,296,375,336,2 325,467,365,507,0
/media/byd/A264AC9264AC6AAD/DataSet/corner_point/VOC2012/JPEGImages/2022.4.9_CZ-9_9.jpg 306,90,346,130,0 342,280,382,320,2 322,184,362,224,0
/media/byd/A264AC9264AC6AAD/DataSet/corner_point/VOC2012/JPEGImages/2022.4.9_CZ-9_91.jpg 342,179,382,219,2 332,454,372,494,2 0,174,35,214,2 340,275,380,315,0 336,369,376,409,0 0,265,31,305,0
/media/byd/A264AC9264AC6AAD/DataSet/corner_point/VOC2012/JPEGImages/2022.4.9_CZ-9_92.jpg 0,353,29,393,0 1,444,41,484,0 347,418,387,458,0 340,333,380,373,0 332,239,372,279,2
/media/byd/A264AC9264AC6AAD/DataSet/corner_point/VOC2012/JPEGImages/2022.4.9_CZ-9_93.jpg 17,461,57,501,1 0,378,35,418,2 325,290,365,330,2 362,374,402,414,0 398,448,438,488,0
/media/byd/A264AC9264AC6AAD/DataSet/corner_point/VOC2012/JPEGImages/2022.4.9_CZ-9_94.jpg
/media/byd/A264AC9264AC6AAD/DataSet/corner_point/VOC2012/JPEGImages/11.16_ps3_000188.jpg 406,67,446,107,2 92,102,132,142,2 397,157,437,197,2
/media/byd/A264AC9264AC6AAD/DataSet/corner_point/VOC2012/JPEGImages/11.16_ps3_000189.jpg 115,0,155,38,0 110,452,150,492,2 120,335,160,375,2 107,55,147,95,0 96,126,136,166,2
/media/byd/A264AC9264AC6AAD/DataSet/corner_point/VOC2012/JPEGImages/11.16_ps3_000191.jpg 85,149,125,189,0 94,261,134,301,0 100,359,140,399,0 107,431,147,471,2
/media/byd/A264AC9264AC6AAD/DataSet/corner_point/VOC2012/JPEGImages/11.16_ps3_000192.jpg 440,215,480,255,2 415,361,455,401,2 112,444,152,484,0 79,166,119,206,2 92,276,132,316,0 102,369,142,409,0
/media/byd/A264AC9264AC6AAD/DataSet/corner_point/VOC2012/JPEGImages/11.16_ps3_000193.jpg 88,270,128,310,2 87,375,127,415,0 85,472,125,512,0
/media/byd/A264AC9264AC6AAD/DataSet/corner_point/VOC2012/JPEGImages/11.16_ps3_000194.jpg 73,346,113,386,2 316,50,356,90,0 41,2,81,42,0
/media/byd/A264AC9264AC6AAD/DataSet/corner_point/VOC2012/JPEGImages/11.16_ps3_000228.jpg
/media/byd/A264AC9264AC6AAD/DataSet/corner_point/VOC2012/JPEGImages/11.16_ps3_000229.jpg
/media/byd/A264AC9264AC6AAD/DataSet/corner_point/VOC2012/JPEGImages/11.16_ps3_000231.jpg
/media/byd/A264AC9264AC6AAD/DataSet/corner_point/VOC2012/JPEGImages/11.16_ps3_000232.jpg 378,32,418,72,2
/media/byd/A264AC9264AC6AAD/DataSet/corner_point/VOC2012/JPEGImages/11.16_ps3_000233.jpg 448,102,488,142,2 391,96,431,136,2 386,264,426,304,2 445,260,485,300,0
/media/byd/A264AC9264AC6AAD/DataSet/corner_point/VOC2012/JPEGImages/11.16_ps3_000234.jpg 455,313,495,353,2 394,315,434,355,2 391,218,431,258,2
/media/byd/A264AC9264AC6AAD/DataSet/corner_point/VOC2012/JPEGImages/11.16_ps3_000235.jpg 79,106,119,146,2 80,23,120,63,0 390,225,430,265,2
/media/byd/A264AC9264AC6AAD/DataSet/corner_point/VOC2012/JPEGImages/11.16_ps3_000236.jpg 80,174,120,214,0 77,76,117,116,0 81,283,121,323,2
/media/byd/A264AC9264AC6AAD/DataSet/corner_point/VOC2012/JPEGImages/11.16_ps3_000237.jpg 81,234,121,274,0 87,337,127,377,0 77,127,117,167,0
/media/byd/A264AC9264AC6AAD/DataSet/corner_point/VOC2012/JPEGImages/11.16_ps3_000238.jpg 80,282,120,322,0 89,379,129,419,0 98,463,138,503,0
/media/byd/A264AC9264AC6AAD/DataSet/corner_point/VOC2012/JPEGImages/11.16_ps3_000239.jpg
/media/byd/A264AC9264AC6AAD/DataSet/corner_point/VOC2012/JPEGImages/11.16_ps3_000240.jpg 83,5,123,45,2 436,161,476,201,2 380,159,420,199,2
/media/byd/A264AC9264AC6AAD/DataSet/corner_point/VOC2012/JPEGImages/11.16_ps3_000241.jpg 380,368,420,408,2 368,163,408,203,2 431,163,471,203,2
/media/byd/A264AC9264AC6AAD/DataSet/corner_point/VOC2012/JPEGImages/11.16_ps3_000242.jpg 57,194,97,234,2 55,92,95,132,0
/media/byd/A264AC9264AC6AAD/DataSet/corner_point/VOC2012/JPEGImages/11.16_ps3_000243.jpg 56,74,96,114,0 57,169,97,209,0 63,275,103,315,0
/media/byd/A264AC9264AC6AAD/DataSet/corner_point/VOC2012/JPEGImages/11.16_ps3_000244.jpg 43,132,83,172,0 54,236,94,276,0 65,338,105,378,0 73,429,113,469,0
/media/byd/A264AC9264AC6AAD/DataSet/corner_point/VOC2012/JPEGImages/2022.4.22_SP-JX-N4_10.jpg 169,33,209,73,2
/media/byd/A264AC9264AC6AAD/DataSet/corner_point/VOC2012/JPEGImages/2022.4.22_SP-JX-N4_100.jpg 364,82,404,122,2 371,297,411,337,0
/media/byd/A264AC9264AC6AAD/DataSet/corner_point/VOC2012/JPEGImages/2022.4.22_SP-JX-N4_102.jpg
/media/byd/A264AC9264AC6AAD/DataSet/corner_point/VOC2012/JPEGImages/2022.4.22_SP-JX-N4_103.jpg
/media/byd/A264AC9264AC6AAD/DataSet/corner_point/VOC2012/JPEGImages/2022.4.22_SP-JX-N4_104.jpg
/media/byd/A264AC9264AC6AAD/DataSet/corner_point/VOC2012/JPEGImages/2022.4.22_SP-JX-N4_108.jpg
/media/byd/A264AC9264AC6AAD/DataSet/corner_point/VOC2012/JPEGImages/2022.4.22_SP-JX-N4_109.jpg 436,101,476,141,0
/media/byd/A264AC9264AC6AAD/DataSet/corner_point/VOC2012/JPEGImages/2022.4.22_SP-JX-N4_11.jpg 173,45,213,85,2
/media/byd/A264AC9264AC6AAD/DataSet/corner_point/VOC2012/JPEGImages/2022.4.22_SP-JX-N4_110.jpg
/media/byd/A264AC9264AC6AAD/DataSet/corner_point/VOC2012/JPEGImages/2022.4.22_SP-JX-N4_111.jpg
/media/byd/A264AC9264AC6AAD/DataSet/corner_point/VOC2012/JPEGImages/2022.4.22_SP-JX-N4_112.jpg
/media/byd/A264AC9264AC6AAD/DataSet/corner_point/VOC2012/JPEGImages/2022.4.22_SP-JX-N4_113.jpg
/media/byd/A264AC9264AC6AAD/DataSet/corner_point/VOC2012/JPEGImages/2022_0802_667.jpg 325,1,365,41,0 333,91,373,131,0 338,193,378,233,0 342,298,382,338,0 338,398,378,438,0 27,4,67,44,0 25,96,65,136,0 23,195,63,235,0 22,296,62,336,0 26,401,66,441,0 337,490,377,512,2
/media/byd/A264AC9264AC6AAD/DataSet/corner_point/VOC2012/JPEGImages/2022_0802_668.jpg 30,475,70,512,0 330,74,370,114,0 334,172,374,212,0 338,278,378,318,0 335,377,375,417,0 335,471,375,511,0 25,76,65,116,0 24,175,64,215,0 22,276,62,316,0 23,379,63,419,0 26,0,66,25,0
/media/byd/A264AC9264AC6AAD/DataSet/corner_point/VOC2012/JPEGImages/2022_0802_669.jpg 27,451,67,491,0 22,53,62,93,0 22,153,62,193,0 23,253,63,293,0 21,355,61,395,0 330,52,370,92,0 332,150,372,190,0 334,257,374,297,0 331,358,371,398,0 332,448,372,488,0
/media/byd/A264AC9264AC6AAD/DataSet/corner_point/VOC2012/JPEGImages/2022_0802_67.jpg 366,182,406,222,0 307,96,347,136,0 425,270,465,310,0 257,0,297,38,0 480,354,512,394,2
/media/byd/A264AC9264AC6AAD/DataSet/corner_point/VOC2012/JPEGImages/2022_0802_670.jpg 16,483,56,512,0 24,174,64,214,0 21,274,61,314,0 19,380,59,420,0 327,0,367,37,0 335,177,375,217,0 335,282,375,322,0 332,385,372,425,0 327,480,367,512,0
/media/byd/A264AC9264AC6AAD/DataSet/corner_point/VOC2012/JPEGImages/2022_0802_671.jpg 24,153,64,193,0 20,459,60,499,0 330,62,370,102,0 336,261,376,301,0 330,362,370,402,0 327,456,367,496,0 19,356,59,396,0 21,252,61,292,0
/media/byd/A264AC9264AC6AAD/DataSet/corner_point/VOC2012/JPEGImages/2022_0802_672.jpg 22,232,62,272,0 30,134,70,174,0 22,232,62,272,0 30,37,70,77,0 21,332,61,372,0 23,431,63,471,0 333,37,373,77,0 335,135,375,175,0 333,343,373,383,0 327,435,367,475,0
/media/byd/A264AC9264AC6AAD/DataSet/corner_point/VOC2012/JPEGImages/2022_0802_673.jpg 18,6,58,46,0 335,7,375,47,0 337,112,377,152,0 335,221,375,261,0 327,414,367,454,0 29,410,69,450,0 20,112,60,152,0
/media/byd/A264AC9264AC6AAD/DataSet/corner_point/VOC2012/JPEGImages/2022_0802_674.jpg 18,301,58,341,0 33,15,73,55,0 22,199,62,239,0 326,17,366,57,0 330,101,370,141,0 335,203,375,243,0 334,308,374,348,0 26,101,66,141,0
/media/byd/A264AC9264AC6AAD/DataSet/corner_point/VOC2012/JPEGImages/2022_0802_675.jpg 24,85,64,125,0 22,180,62,220,0 19,281,59,321,0 326,81,366,121,0 332,180,372,220,0 334,288,374,328,0 330,385,370,425,0 321,0,361,34,0
/media/byd/A264AC9264AC6AAD/DataSet/corner_point/VOC2012/JPEGImages/2022_0802_676.jpg 323,60,363,100,0 329,158,369,198,0 330,264,370,304,0 332,366,372,406,0 329,455,369,495,0 23,67,63,107,0 23,160,63,200,0 18,259,58,299,0 20,361,60,401,0
/media/byd/A264AC9264AC6AAD/DataSet/corner_point/VOC2012/JPEGImages/2022_0802_677.jpg 17,44,57,84,0 18,141,58,181,0 18,240,58,280,0 16,345,56,385,0 21,443,61,483,0 319,40,359,80,0 323,138,363,178,0 327,243,367,283,0 327,346,367,386,0 328,439,368,479,0
/media/byd/A264AC9264AC6AAD/DataSet/corner_point/VOC2012/JPEGImages/2022_0802_678.jpg 15,429,55,469,0 315,22,355,62,0 320,116,360,156,0 325,221,365,261,0 326,328,366,368,0 323,422,363,462,0 12,24,52,64,0 12,122,52,162,0 12,221,52,261,0 12,324,52,364,0
/media/byd/A264AC9264AC6AAD/DataSet/corner_point/VOC2012/JPEGImages/2022_0802_679.jpg 313,6,353,46,0 316,100,356,140,0 322,202,362,242,0 324,308,364,348,0 322,404,362,444,0 11,5,51,45,0 9,101,49,141,0 9,202,49,242,0 9,307,49,347,0 11,411,51,451,0
/media/byd/A264AC9264AC6AAD/DataSet/corner_point/VOC2012/JPEGImages/2022_0802_68.jpg 313,86,353,126,0 351,178,391,218,0 386,275,426,315,0 414,367,454,407,0 442,451,482,491,2
/media/byd/A264AC9264AC6AAD/DataSet/corner_point/VOC2012/JPEGImages/2022_0802_680.jpg 311,0,351,37,0 7,390,47,430,0 15,0,55,32,0 316,83,356,123,0 320,185,360,225,0 321,290,361,330,0 319,389,359,429,0 317,480,357,512,0 6,285,46,325,0 9,182,49,222,0 11,84,51,124,0
/media/byd/A264AC9264AC6AAD/DataSet/corner_point/VOC2012/JPEGImages/2022_0802_681.jpg 316,371,356,411,0 12,63,52,103,0 11,163,51,203,0 6,263,46,303,0 4,370,44,410,0 317,67,357,107,0 322,168,362,208,0 320,272,360,312,0 320,462,360,502,0
/media/byd/A264AC9264AC6AAD/DataSet/corner_point/VOC2012/JPEGImages/2022_0802_683.jpg 30,121,70,161,0 21,220,61,260,0 8,322,48,362,0 0,427,40,467,0 341,37,381,77,0 338,137,378,177,0 330,241,370,281,0 319,347,359,387,0 311,442,351,482,0 41,25,81,65,0
/media/byd/A264AC9264AC6AAD/DataSet/corner_point/VOC2012/JPEGImages/2022_0802_684.jpg 61,36,101,76,0 46,139,86,179,0 31,241,71,281,0 3,446,43,486,0 322,469,362,509,0 325,372,365,412,0 342,270,382,310,0 356,163,396,203,0 15,346,55,386,0
/media/byd/A264AC9264AC6AAD/DataSet/corner_point/VOC2012/JPEGImages/2022_0802_685.jpg 55,114,95,154,2 354,250,394,290,0 338,354,378,394,0 321,445,361,485,0 22,421,62,461,0 31,325,71,365,0 44,223,84,263,0
/media/byd/A264AC9264AC6AAD/DataSet/corner_point/VOC2012/JPEGImages/2022_0802_686.jpg 466,233,506,273,0 45,206,85,246,0 39,317,79,357,0 33,424,73,464,0 346,428,386,468,0 473,52,512,92,2 352,329,392,369,2
/media/byd/A264AC9264AC6AAD/DataSet/corner_point/VOC2012/JPEGImages/2022.3.10_test03_51.jpg 83,33,123,73,2
/media/byd/A264AC9264AC6AAD/DataSet/corner_point/VOC2012/JPEGImages/2022.3.10_test03_52.jpg 49,130,89,170,2 44,309,84,349,2
/media/byd/A264AC9264AC6AAD/DataSet/corner_point/VOC2012/JPEGImages/2022.3.10_test03_53.jpg 28,64,68,104,2 40,263,80,303,2 60,430,100,470,2
/media/byd/A264AC9264AC6AAD/DataSet/corner_point/VOC2012/JPEGImages/2022.3.10_test03_54.jpg 19,219,59,259,2 53,407,93,447,2
/media/byd/A264AC9264AC6AAD/DataSet/corner_point/VOC2012/JPEGImages/2022.3.10_test03_55.jpg 20,356,60,396,2
/media/byd/A264AC9264AC6AAD/DataSet/corner_point/VOC2012/JPEGImages/2022.3.10_test03_56.jpg 9,452,49,492,2
/media/byd/A264AC9264AC6AAD/DataSet/corner_point/VOC2012/JPEGImages/2022.3.10_test03_57.jpg 40,146,80,186,2
/media/byd/A264AC9264AC6AAD/DataSet/corner_point/VOC2012/JPEGImages/2022.3.10_test03_58.jpg 34,137,74,177,0 307,51,347,91,2 122,200,162,240,2
/media/byd/A264AC9264AC6AAD/DataSet/corner_point/VOC2012/JPEGImages/2022.3.10_test03_6.jpg
/media/byd/A264AC9264AC6AAD/DataSet/corner_point/VOC2012/JPEGImages/2022.3.10_test03_61.jpg 314,33,354,73,1 377,225,417,265,0 346,130,386,170,0 406,321,446,361,2
/media/byd/A264AC9264AC6AAD/DataSet/corner_point/VOC2012/JPEGImages/2022.3.10_test03_63.jpg 363,184,403,224,1 93,195,133,235,2 342,0,382,29,0 351,82,391,122,0 364,284,404,324,0 368,380,408,420,0
/media/byd/A264AC9264AC6AAD/DataSet/corner_point/VOC2012/JPEGImages/2022.3.10_test03_7.jpg
/media/byd/A264AC9264AC6AAD/DataSet/corner_point/VOC2012/JPEGImages/2022.3.10_test03_72.jpg 363,42,403,82,0 79,312,119,352,2 94,119,134,159,0 106,24,146,64,0 359,136,399,176,0 351,232,391,272,0 342,332,382,372,0 330,425,370,465,0
/media/byd/A264AC9264AC6AAD/DataSet/corner_point/VOC2012/JPEGImages/2022.3.10_test03_75.jpg 404,211,444,251,0 137,191,177,231,2 172,8,212,48,0 112,384,152,424,0 124,290,164,330,0
/media/byd/A264AC9264AC6AAD/DataSet/corner_point/VOC2012/JPEGImages/11.30_ps12_000102.jpg 335,144,375,184,0 449,150,489,190,0 347,389,387,429,0
/media/byd/A264AC9264AC6AAD/DataSet/corner_point/VOC2012/JPEGImages/11.30_ps12_000105.jpg 7,306,47,346,2 347,326,387,366,2 7,94,47,134,2
/media/byd/A264AC9264AC6AAD/DataSet/corner_point/VOC2012/JPEGImages/11.30_ps12_000106.jpg
/media/byd/A264AC9264AC6AAD/DataSet/corner_point/VOC2012/JPEGImages/11.30_ps12_000107.jpg
/media/byd/A264AC9264AC6AAD/DataSet/corner_point/VOC2012/JPEGImages/11.30_ps12_000111.jpg 153,191,193,231,0 142,92,182,132,0 131,14,171,54,0 159,298,199,338,0
/media/byd/A264AC9264AC6AAD/DataSet/corner_point/VOC2012/JPEGImages/11.30_ps12_000112.jpg 126,39,166,79,0 135,123,175,163,0 146,228,186,268,0 150,331,190,371,0 153,421,193,461,0
/media/byd/A264AC9264AC6AAD/DataSet/corner_point/VOC2012/JPEGImages/11.30_ps12_000114.jpg 140,424,180,464,0 138,124,178,164,0 134,41,174,81,0 142,230,182,270,0 140,333,180,373,0
/media/byd/A264AC9264AC6AAD/DataSet/corner_point/VOC2012/JPEGImages/11.30_ps12_000116.jpg 115,0,155,26,2 121,44,161,84,0 131,129,171,169,0 137,230,177,270,0 142,336,182,376,0 143,425,183,465,0
/media/byd/A264AC9264AC6AAD/DataSet/corner_point/VOC2012/JPEGImages/11.30_ps12_000117.jpg 122,214,162,254,0 114,112,154,152,0 106,32,146,72,0 129,318,169,358,0 134,407,174,447,0
/media/byd/A264AC9264AC6AAD/DataSet/corner_point/VOC2012/JPEGImages/11.30_ps12_000118.jpg 89,7,129,47,0 95,80,135,120,0 104,172,144,212,0 112,281,152,321,0 120,375,160,415,0 126,459,166,499,0
/media/byd/A264AC9264AC6AAD/DataSet/corner_point/VOC2012/JPEGImages/11.30_ps12_000120.jpg 80,84,120,124,0 84,180,124,220,0 91,285,131,325,0 98,373,138,413,0 104,455,144,495,0 74,6,114,46,2
/media/byd/A264AC9264AC6AAD/DataSet/corner_point/VOC2012/JPEGImages/11.30_ps12_000121.jpg 91,279,131,319,0 93,372,133,412,0 89,175,129,215,2
/media/byd/A264AC9264AC6AAD/DataSet/corner_point/VOC2012/JPEGImages/05-06_5_ps44_2022.4.11_CZ-T-N6_164.jpg 112,105,152,145,1 222,59,262,99,1 331,24,371,64,1 371,272,411,312,1 478,225,512,265,1 144,361,184,401,1
/media/byd/A264AC9264AC6AAD/DataSet/corner_point/VOC2012/JPEGImages/05-06_5_ps44_2022.4.11_CZ-T-N6_165.jpg 199,41,239,81,1 368,241,408,281,1 151,344,191,384,1 91,92,131,132,1 474,188,512,228,1
/media/byd/A264AC9264AC6AAD/DataSet/corner_point/VOC2012/JPEGImages/05-06_5_ps44_2022.4.11_CZ-T-N6_166.jpg 89,59,129,99,1 152,315,192,355,1 366,207,406,247,1 468,157,508,197,1
/media/byd/A264AC9264AC6AAD/DataSet/corner_point/VOC2012/JPEGImages/05-06_5_ps44_2022.4.11_CZ-T-N6_167.jpg 15,64,55,104,1 36,316,76,356,1 151,278,191,318,1 124,23,164,63,1 378,187,418,227,1
/media/byd/A264AC9264AC6AAD/DataSet/corner_point/VOC2012/JPEGImages/05-06_5_ps44_2022.4.11_CZ-T-N6_168.jpg 36,262,76,302,1 159,236,199,276,1 402,181,442,221,1
/media/byd/A264AC9264AC6AAD/DataSet/corner_point/VOC2012/JPEGImages/05-06_5_ps44_2022.4.11_CZ-T-N6_171.jpg 221,25,261,65,1 42,285,82,325,1 165,268,205,308,1 289,244,329,284,1 415,221,455,261,1
/media/byd/A264AC9264AC6AAD/DataSet/corner_point/VOC2012/JPEGImages/05-06_5_ps44_2022.4.11_CZ-T-N6_172.jpg 358,45,398,85,1 41,322,81,362,1 289,291,329,331,1 239,55,279,95,1 168,310,208,350,1 417,274,457,314,1
/media/byd/A264AC9264AC6AAD/DataSet/corner_point/VOC2012/JPEGImages/05-06_5_ps44_2022.4.11_CZ-T-N6_173.jpg 290,284,330,324,1 110,64,150,104,1 238,50,278,90,1 357,40,397,80,1 42,315,82,355,1 167,305,207,345,1 418,271,458,311,1
/media/byd/A264AC9264AC6AAD/DataSet/corner_point/VOC2012/JPEGImages/05-06_5_ps44_2022.4.11_CZ-T-N6_174.jpg 38,277,78,317,1 242,18,282,58,1 291,246,331,286,1 416,230,456,270,1 165,262,205,302,1
/media/byd/A264AC9264AC6AAD/DataSet/corner_point/VOC2012/JPEGImages/05-06_5_ps44_2022.4.11_CZ-T-N6_175.jpg 350,0,390,34,1 302,207,342,247,1 174,212,214,252,1 47,216,87,256,1 426,203,466,243,1
/media/byd/A264AC9264AC6AAD/DataSet/corner_point/VOC2012/JPEGImages/05-06_5_ps44_2022.4.11_CZ-T-N6_176.jpg 181,169,221,209,1 309,170,349,210,1
/media/byd/A264AC9264AC6AAD/DataSet/corner_point/VOC2012/JPEGImages/05-06_5_ps44_2022.4.11_CZ-T-N6_177.jpg 181,145,221,185,1 308,144,348,184,1
/media/byd/A264AC9264AC6AAD/DataSet/corner_point/VOC2012/JPEGImages/2022.4.26_12_37.jpg 75,246,115,286,2 79,347,119,387,0 350,373,390,413,0 348,455,388,495,0 350,280,390,320,0 346,179,386,219,0 339,80,379,120,0 333,0,373,32,0
/media/byd/A264AC9264AC6AAD/DataSet/corner_point/VOC2012/JPEGImages/2022.4.26_12_38.jpg 73,357,113,397,1 343,97,383,137,0 347,195,387,235,0 348,297,388,337,0 344,391,384,431,0 341,475,381,512,0 79,1,119,41,0 76,89,116,129,2
/media/byd/A264AC9264AC6AAD/DataSet/corner_point/VOC2012/JPEGImages/2022.4.26_12_39.jpg 80,195,120,235,2 89,20,129,60,0 83,102,123,142,0 344,26,384,66,0 345,109,385,149,0 347,205,387,245,0 345,306,385,346,0 342,403,382,443,0
/media/byd/A264AC9264AC6AAD/DataSet/corner_point/VOC2012/JPEGImages/2022.4.26_12_4.jpg 92,162,132,202,1 90,262,130,302,0 362,8,402,48,0 364,92,404,132,0 364,186,404,226,0 358,284,398,324,0 353,381,393,421,2
/media/byd/A264AC9264AC6AAD/DataSet/corner_point/VOC2012/JPEGImages/2022.4.26_12_40.jpg 79,201,119,241,0 83,107,123,147,0 89,21,129,61,0 346,28,386,68,0 348,113,388,153,0 350,211,390,251,0 342,403,382,443,0 77,297,117,337,2
/media/byd/A264AC9264AC6AAD/DataSet/corner_point/VOC2012/JPEGImages/2022.4.26_12_41.jpg 79,409,119,449,2 349,37,389,77,0 350,131,390,171,0 351,230,391,270,0 347,328,387,368,0 82,32,122,72,0 81,127,121,167,0 78,223,118,263,0 75,318,115,358,0
/media/byd/A264AC9264AC6AAD/DataSet/corner_point/VOC2012/JPEGImages/2022.4.26_12_43.jpg 80,302,120,342,0 82,200,122,240,0 84,102,124,142,0 87,8,127,48,0 352,15,392,55,0 354,108,394,148,0 355,207,395,247,0 352,308,392,348,0 345,399,385,439,0 81,392,121,432,0
/media/byd/A264AC9264AC6AAD/DataSet/corner_point/VOC2012/JPEGImages/2022.4.26_12_44.jpg 360,60,400,100,0 360,157,400,197,0 356,259,396,299,0 351,356,391,396,0 346,443,386,483,0 81,435,121,475,0 82,348,122,388,0 84,249,124,289,0 88,150,128,190,0
/media/byd/A264AC9264AC6AAD/DataSet/corner_point/VOC2012/JPEGImages/2022.4.26_12_45.jpg 344,487,384,512,2 107,11,147,51,0 92,197,132,237,0 87,297,127,337,0 83,396,123,436,0 352,400,392,440,0 358,305,398,345,0 364,207,404,247,0 365,111,405,151,0 363,23,403,63,0
/media/byd/A264AC9264AC6AAD/DataSet/corner_point/VOC2012/JPEGImages/2022.4.26_12_46.jpg 102,142,142,182,0 368,251,408,291,0 360,347,400,387,0 350,427,390,467,0 372,152,412,192,0 374,57,414,97,0
/media/byd/A264AC9264AC6AAD/DataSet/corner_point/VOC2012/JPEGImages/2022.4.26_12_47.jpg 361,454,401,494,0 367,363,407,403,0 374,267,414,307,0 375,170,415,210,0 375,72,415,112,0 372,0,412,30,0 104,263,144,303,0 102,362,142,402,0 105,162,145,202,2
/media/byd/A264AC9264AC6AAD/DataSet/corner_point/VOC2012/JPEGImages/2022.4.26_12_48.jpg 106,97,146,137,2 101,299,141,339,2 104,391,144,431,0 368,392,408,432,0 373,298,413,338,0 375,201,415,241,0 375,102,415,142,0 369,13,409,53,0 107,0,147,40,0 362,474,402,512,0
/media/byd/A264AC9264AC6AAD/DataSet/corner_point/VOC2012/JPEGImages/2022.4.26_12_49.jpg 101,129,141,169,0 369,39,409,79,0 373,132,413,172,0 375,233,415,273,0 374,330,414,370,0 369,419,409,459,0 102,228,142,268,2 106,423,146,463,2 104,35,144,75,0
/media/byd/A264AC9264AC6AAD/DataSet/corner_point/VOC2012/JPEGImages/2022.4.26_12_5.jpg 88,241,128,281,2 115,34,155,74,2 362,0,402,39,0 365,77,405,117,0 365,169,405,209,0 363,267,403,307,0 358,365,398,405,0 87,341,127,381,0
/media/byd/A264AC9264AC6AAD/DataSet/corner_point/VOC2012/JPEGImages/2022.4.26_12_50.jpg 369,442,409,482,0 371,355,411,395,0 371,257,411,297,0 370,158,410,198,0 363,64,403,104,0 97,62,137,102,0 98,159,138,199,0 98,258,138,298,0 103,356,143,396,2
/media/byd/A264AC9264AC6AAD/DataSet/corner_point/VOC2012/JPEGImages/2022.4.26_12_51.jpg 78,87,118,127,0 85,186,125,226,0 92,288,132,328,0 102,384,142,424,0 369,370,409,410,0 357,175,397,215,0 365,276,405,316,0 347,79,387,119,2 372,454,412,494,0
/media/byd/A264AC9264AC6AAD/DataSet/corner_point/VOC2012/JPEGImages/2022.4.26_12_53.jpg 314,289,354,329,2 104,440,144,480,0
/media/byd/A264AC9264AC6AAD/DataSet/corner_point/VOC2012/JPEGImages/2022.4.26_12_54.jpg 320,384,360,424,2
/media/byd/A264AC9264AC6AAD/DataSet/corner_point/VOC2012/JPEGImages/2022.4.26_12_55.jpg
/media/byd/A264AC9264AC6AAD/DataSet/corner_point/VOC2012/JPEGImages/2022.4.26_12_56.jpg
/media/byd/A264AC9264AC6AAD/DataSet/corner_point/VOC2012/JPEGImages/2022.4.26_12_6.jpg 92,411,132,451,0 91,320,131,360,1 115,10,155,50,0 359,345,399,385,0 365,248,405,288,0 369,151,409,191,0 371,58,411,98,0 110,104,150,144,2 350,428,390,468,0
/media/byd/A264AC9264AC6AAD/DataSet/corner_point/VOC2012/JPEGImages/2022.4.26_12_7.jpg 110,185,150,225,2 364,330,404,370,0 355,418,395,458,0 372,231,412,271,0 373,133,413,173,0 115,90,155,130,0 122,0,162,39,0
/media/byd/A264AC9264AC6AAD/DataSet/corner_point/VOC2012/JPEGImages/2022.4.26_12_8.jpg 121,74,161,114,0 114,168,154,208,0 375,214,415,254,0 370,312,410,352,0 360,406,400,446,0 109,267,149,307,2 377,116,417,156,2
/media/byd/A264AC9264AC6AAD/DataSet/corner_point/VOC2012/JPEGImages/2022.4.26_12_9.jpg 355,471,395,511,0 107,352,147,392,2 378,198,418,238,0 373,294,413,334,0 365,388,405,428,0 111,252,151,292,0 119,151,159,191,0 126,53,166,93,0
/media/byd/A264AC9264AC6AAD/DataSet/corner_point/VOC2012/JPEGImages/180711-100141CAM2_001025.jpg 341,447,381,487,0 338,363,378,403,0 337,284,377,324,0 333,49,373,89,0 336,206,376,246,0 334,129,374,169,0
/media/byd/A264AC9264AC6AAD/DataSet/corner_point/VOC2012/JPEGImages/180711-100141CAM2_001031.jpg
/media/byd/A264AC9264AC6AAD/DataSet/corner_point/VOC2012/JPEGImages/180711-100141CAM2_001544.jpg 413,86,453,126,0 340,244,380,284,0 341,85,381,125,2 342,464,382,504,0
/media/byd/A264AC9264AC6AAD/DataSet/corner_point/VOC2012/JPEGImages/180711-100141CAM2_001549.jpg
/media/byd/A264AC9264AC6AAD/DataSet/corner_point/VOC2012/JPEGImages/180711-100141CAM2_002123.jpg 342,378,382,418,4 382,43,422,83,4 133,292,173,332,2 122,134,162,174,2 136,20,176,60,2 349,263,389,303,4 364,160,404,200,4
/media/byd/A264AC9264AC6AAD/DataSet/corner_point/VOC2012/JPEGImages/180711-100141CAM2_006219.jpg 288,354,328,394,0 156,119,196,159,0 360,354,400,394,0 365,148,405,188,0 292,148,332,188,0 156,296,196,336,2
/media/byd/A264AC9264AC6AAD/DataSet/corner_point/VOC2012/JPEGImages/180711-100141CAM2_006241.jpg 122,172,162,212,2 160,170,200,210,2 162,316,202,356,0
/media/byd/A264AC9264AC6AAD/DataSet/corner_point/VOC2012/JPEGImages/180711-100141CAM2_006468.jpg 204,311,244,351,2 204,142,244,182,2
/media/byd/A264AC9264AC6AAD/DataSet/corner_point/VOC2012/JPEGImages/180711-100141CAM2_006521.jpg 366,354,406,394,0 339,151,379,191,0 329,73,369,113,0 353,265,393,305,2 201,293,241,333,2 202,126,242,166,0
/media/byd/A264AC9264AC6AAD/DataSet/corner_point/VOC2012/JPEGImages/180711-100141CAM3_000218.jpg 341,292,381,332,0 341,292,381,332,4 332,0,372,34,4 334,93,374,133,4 338,193,378,233,4
/media/byd/A264AC9264AC6AAD/DataSet/corner_point/VOC2012/JPEGImages/180711-100141CAM3_004934.jpg 334,216,374,256,0 312,26,352,66,0
/media/byd/A264AC9264AC6AAD/DataSet/corner_point/VOC2012/JPEGImages/180711-100141CAM3_005484.jpg 297,418,337,458,0 190,338,230,378,0 297,333,337,373,0 293,76,333,116,0 291,51,331,91,0 298,257,338,297,0 296,224,336,264,0 195,180,235,220,2 152,180,192,220,2 295,148,335,188,0
/media/byd/A264AC9264AC6AAD/DataSet/corner_point/VOC2012/JPEGImages/180711-100141CAM3_005801.jpg 336,134,376,174,0 389,140,429,180,0 336,332,376,372,0 390,328,430,368,0 202,27,242,67,2
/media/byd/A264AC9264AC6AAD/DataSet/corner_point/VOC2012/JPEGImages/180711-100141CAM3_005927.jpg 165,156,205,196,2 164,321,204,361,2 118,320,158,360,2
/media/byd/A264AC9264AC6AAD/DataSet/corner_point/VOC2012/JPEGImages/180711-100141CAM3_005995.jpg 140,159,180,199,0 96,165,136,205,2 98,319,138,359,0 141,320,181,360,2
/media/byd/A264AC9264AC6AAD/DataSet/corner_point/VOC2012/JPEGImages/180711-100925CAM2_000295.jpg 302,184,342,224,2 302,380,342,420,2
/media/byd/A264AC9264AC6AAD/DataSet/corner_point/VOC2012/JPEGImages/180711-100925CAM2_000835.jpg 189,279,229,319,2 150,278,190,318,2 388,290,428,330,2 193,123,233,163,2 154,124,194,164,2 362,120,402,160,0
/media/byd/A264AC9264AC6AAD/DataSet/corner_point/VOC2012/JPEGImages/180711-100925CAM2_002245.jpg
/media/byd/A264AC9264AC6AAD/DataSet/corner_point/VOC2012/JPEGImages/2022_0816_2194.jpg 152,398,192,438,1 453,387,493,427,1
/media/byd/A264AC9264AC6AAD/DataSet/corner_point/VOC2012/JPEGImages/2022_0816_2195.jpg 147,463,187,503,1
/media/byd/A264AC9264AC6AAD/DataSet/corner_point/VOC2012/JPEGImages/2022_0816_2196.jpg
/media/byd/A264AC9264AC6AAD/DataSet/corner_point/VOC2012/JPEGImages/2022_0816_2197.jpg 150,0,190,32,1
/media/byd/A264AC9264AC6AAD/DataSet/corner_point/VOC2012/JPEGImages/2022_0816_2198.jpg 158,42,198,82,1 158,137,198,177,1 445,143,485,183,1
/media/byd/A264AC9264AC6AAD/DataSet/corner_point/VOC2012/JPEGImages/2022_0816_2199.jpg 437,37,477,77,1 154,20,194,60,1 444,218,484,258,1 439,126,479,166,1 158,116,198,156,1 160,215,200,255,1
/media/byd/A264AC9264AC6AAD/DataSet/corner_point/VOC2012/JPEGImages/2022_0816_22.jpg 18,44,58,84,1 19,230,59,270,1 16,330,56,370,1 20,133,60,173,1 312,38,352,78,1 312,131,352,171,1 312,231,352,271,1 314,332,354,372,1 316,432,356,472,1 13,434,53,474,1
/media/byd/A264AC9264AC6AAD/DataSet/corner_point/VOC2012/JPEGImages/2022_0816_220.jpg 65,38,105,78,1 136,333,176,373,1 427,327,467,367,1 436,229,476,269,1 427,135,467,175,1 130,132,170,172,1 133,230,173,270,1
/media/byd/A264AC9264AC6AAD/DataSet/corner_point/VOC2012/JPEGImages/2022_0816_2200.jpg 144,5,184,45,1 160,92,200,132,1 153,197,193,237,1 160,300,200,340,1 438,17,478,57,1 442,103,482,143,1 446,196,486,236,1 448,296,488,336,1
/media/byd/A264AC9264AC6AAD/DataSet/corner_point/VOC2012/JPEGImages/2022_0816_2201.jpg 433,3,473,43,1 152,78,192,118,1 155,280,195,320,1 153,177,193,217,1 141,0,181,25,1 156,378,196,418,1 444,368,484,408,1 444,275,484,315,1 443,180,483,220,1 439,88,479,128,1
/media/byd/A264AC9264AC6AAD/DataSet/corner_point/VOC2012/JPEGImages/2022_0816_2202.jpg 437,75,477,115,1 442,166,482,206,1 444,261,484,301,1 444,356,484,396,1 157,368,197,408,1 154,265,194,305,1 152,163,192,203,1 149,65,189,105,1
/media/byd/A264AC9264AC6AAD/DataSet/corner_point/VOC2012/JPEGImages/2022_0816_2203.jpg 150,52,190,92,1 152,151,192,191,1 150,250,190,290,1 154,352,194,392,1 445,344,485,384,1 442,246,482,286,1 436,154,476,194,1 434,63,474,103,1
/media/byd/A264AC9264AC6AAD/DataSet/corner_point/VOC2012/JPEGImages/2022_0816_2204.jpg 436,53,476,93,1 438,141,478,181,1 439,328,479,368,1 439,235,479,275,1 151,33,191,73,1 154,129,194,169,1 152,231,192,271,1 150,331,190,371,1 150,428,190,468,1
/media/byd/A264AC9264AC6AAD/DataSet/corner_point/VOC2012/JPEGImages/2022_0816_2205.jpg 445,217,485,257,1 448,124,488,164,1 439,309,479,349,1 437,401,477,441,1 145,405,185,445,1 152,312,192,352,1 155,209,195,249,1 156,108,196,148,1 156,16,196,56,1
/media/byd/A264AC9264AC6AAD/DataSet/corner_point/VOC2012/JPEGImages/2022_0816_2206.jpg 166,0,206,39,1 165,87,205,127,1 161,187,201,227,1 158,288,198,328,1 153,383,193,423,1 435,383,475,423,1 444,292,484,332,1 452,198,492,238,1 450,107,490,147,1 446,26,486,66,1
/media/byd/A264AC9264AC6AAD/DataSet/corner_point/VOC2012/JPEGImages/2022_0816_2207.jpg 466,101,506,141,1 457,187,497,227,1 452,280,492,320,1 447,372,487,412,1 163,373,203,413,1 169,274,209,314,1 173,172,213,212,1 176,72,216,112,1
/media/byd/A264AC9264AC6AAD/DataSet/corner_point/VOC2012/JPEGImages/2022.4.30_CZ-5_138.jpg 57,126,97,166,4
/media/byd/A264AC9264AC6AAD/DataSet/corner_point/VOC2012/JPEGImages/2022.4.30_CZ-5_139.jpg 423,204,463,244,2 411,105,451,145,0 38,305,78,345,4
/media/byd/A264AC9264AC6AAD/DataSet/corner_point/VOC2012/JPEGImages/2022.4.30_CZ-5_14.jpg 126,413,166,453,0 132,0,172,30,0 130,126,170,166,0 132,82,172,122,0 128,226,168,266,0 126,274,166,314,0 128,369,168,409,0 127,414,167,454,0
/media/byd/A264AC9264AC6AAD/DataSet/corner_point/VOC2012/JPEGImages/2022.4.30_CZ-5_140.jpg 413,294,453,334,2 373,194,413,234,0 330,91,370,131,0
/media/byd/A264AC9264AC6AAD/DataSet/corner_point/VOC2012/JPEGImages/2022.4.30_CZ-5_142.jpg 352,309,392,349,0 363,413,403,453,0 340,201,380,241,0 319,90,359,130,0
/media/byd/A264AC9264AC6AAD/DataSet/corner_point/VOC2012/JPEGImages/2022.4.30_CZ-5_143.jpg 313,72,353,112,0 347,398,387,438,0 327,179,367,219,0 337,293,377,333,0
/media/byd/A264AC9264AC6AAD/DataSet/corner_point/VOC2012/JPEGImages/2022.4.30_CZ-5_144.jpg 328,278,368,318,0 333,385,373,425,0 320,162,360,202,0
/media/byd/A264AC9264AC6AAD/DataSet/corner_point/VOC2012/JPEGImages/2022.4.30_CZ-5_145.jpg 325,372,365,412,0 322,151,362,191,0 317,50,357,90,0 327,263,367,303,0
/media/byd/A264AC9264AC6AAD/DataSet/corner_point/VOC2012/JPEGImages/2022.4.30_CZ-5_146.jpg 328,105,368,145,0 330,214,370,254,0 323,325,363,365,0
/media/byd/A264AC9264AC6AAD/DataSet/corner_point/VOC2012/JPEGImages/2022.4.30_CZ-5_147.jpg 333,194,373,234,0 328,306,368,346,0
/media/byd/A264AC9264AC6AAD/DataSet/corner_point/VOC2012/JPEGImages/2022.4.30_CZ-5_148.jpg 332,287,372,327,0 328,393,368,433,0
/media/byd/A264AC9264AC6AAD/DataSet/corner_point/VOC2012/JPEGImages/2022.4.30_CZ-5_149.jpg 340,130,380,170,2 330,366,370,406,0 338,33,378,73,0
/media/byd/A264AC9264AC6AAD/DataSet/corner_point/VOC2012/JPEGImages/2022.4.30_CZ-5_15.jpg 128,444,168,484,0 131,20,171,60,0 129,111,169,151,0 129,160,169,200,0 128,256,168,296,0 128,309,168,349,0 128,398,168,438,0
/media/byd/A264AC9264AC6AAD/DataSet/corner_point/VOC2012/JPEGImages/2022.4.19_CZ-T-N8_65.jpg 79,113,119,153,0 77,356,117,396,0 376,193,416,233,0 371,94,411,134,0 369,15,409,55,2 374,288,414,328,2 79,23,119,63,2 79,204,119,244,2 372,419,412,459,0 77,261,117,301,2 81,443,121,483,2
/media/byd/A264AC9264AC6AAD/DataSet/corner_point/VOC2012/JPEGImages/2022.4.19_CZ-T-N8_66.jpg 373,268,413,308,0 370,364,410,404,0 74,290,114,330,0 69,46,109,86,0 362,43,402,83,0 368,171,408,211,2 369,449,409,489,2 79,382,119,422,2 71,195,111,235,2 70,136,110,176,2
/media/byd/A264AC9264AC6AAD/DataSet/corner_point/VOC2012/JPEGImages/2022.4.19_CZ-T-N8_67.jpg 67,217,107,257,2 80,457,120,497,2 367,210,407,250,2 356,30,396,70,0 362,115,402,155,0 368,347,408,387,0 366,430,406,470,0 75,372,115,412,0 64,29,104,69,0 67,122,107,162,0 369,252,409,292,2
/media/byd/A264AC9264AC6AAD/DataSet/corner_point/VOC2012/JPEGImages/2022.4.19_CZ-T-N8_69.jpg 68,178,108,218,0 66,277,106,317,0 364,178,404,218,0 367,277,407,317,0 360,86,400,126,2 365,371,405,411,2 67,372,107,412,2 67,90,107,130,2
/media/byd/A264AC9264AC6AAD/DataSet/corner_point/VOC2012/JPEGImages/2022.4.19_CZ-T-N8_70.jpg 374,166,414,206,2 76,159,116,199,2 64,433,104,473,2 353,447,393,487,2 66,347,106,387,0 70,251,110,291,0 370,263,410,303,0 363,359,403,399,0
/media/byd/A264AC9264AC6AAD/DataSet/corner_point/VOC2012/JPEGImages/2022.4.19_CZ-T-N8_71.jpg 363,352,403,392,0 69,313,109,353,0 52,405,92,445,0 383,257,423,297,2 86,222,126,262,2 339,442,379,482,0
/media/byd/A264AC9264AC6AAD/DataSet/corner_point/VOC2012/JPEGImages/2022.4.19_CZ-T-N8_72.jpg 369,360,409,400,2 52,343,92,383,0 312,436,352,476,0 100,260,140,300,2 356,70,396,110,2 406,111,446,151,2 450,37,490,77,2 152,0,192,39,2 253,33,293,73,0 3,421,43,461,0
/media/byd/A264AC9264AC6AAD/DataSet/corner_point/VOC2012/JPEGImages/2022.4.19_CZ-T-N8_73.jpg 278,53,318,93,2 441,180,481,220,2 470,231,510,271,2 121,278,161,318,2 362,114,402,154,0 28,348,68,388,0
/media/byd/A264AC9264AC6AAD/DataSet/corner_point/VOC2012/JPEGImages/2022.4.19_CZ-T-N8_74.jpg 0,352,28,392,0 421,256,461,296,0 320,44,360,84,0 97,331,137,371,2 382,168,422,208,2 457,336,497,376,2 453,390,493,430,2
/media/byd/A264AC9264AC6AAD/DataSet/corner_point/VOC2012/JPEGImages/2022.4.19_CZ-T-N8_76.jpg 40,180,80,220,2 356,34,396,74,2 393,283,433,323,2 384,197,424,237,0 369,111,409,151,0 403,419,443,459,0
/media/byd/A264AC9264AC6AAD/DataSet/corner_point/VOC2012/JPEGImages/2022.4.19_CZ-T-N8_77.jpg 400,480,440,512,0 37,256,77,296,0 353,100,393,140,0 392,357,432,397,0 369,183,409,223,0 381,270,421,310,0
/media/byd/A264AC9264AC6AAD/DataSet/corner_point/VOC2012/JPEGImages/2022.4.19_CZ-T-N8_78.jpg 362,179,402,219,2 34,325,74,365,2 381,427,421,467,2 370,261,410,301,0
/media/byd/A264AC9264AC6AAD/DataSet/corner_point/VOC2012/JPEGImages/2022.4.19_CZ-T-N8_79.jpg 362,359,402,399,0 376,270,416,310,2 52,178,92,218,2 20,368,60,408,2
/media/byd/A264AC9264AC6AAD/DataSet/corner_point/VOC2012/JPEGImages/2022.4.19_CZ-T-N3_81.jpg 80,161,120,201,0 77,253,117,293,0 398,165,438,205,0 398,257,438,297,0 80,455,120,495,0 78,376,118,416,2 77,341,117,381,2 396,349,436,389,2 394,383,434,423,2 395,80,435,120,2 394,45,434,85,2 82,72,122,112,2 84,35,124,75,2 390,457,430,497,0
/media/byd/A264AC9264AC6AAD/DataSet/corner_point/VOC2012/JPEGImages/2022.4.19_CZ-T-N3_86.jpg 401,256,441,296,0 398,351,438,391,0 81,353,121,393,0 81,255,121,295,0 48,37,88,77,0 399,158,439,198,2 392,432,432,472,2 85,438,125,478,2 82,163,122,203,2 88,470,128,510,2
/media/byd/A264AC9264AC6AAD/DataSet/corner_point/VOC2012/JPEGImages/2022.4.19_CZ-T-N3_87.jpg 43,198,83,238,2 79,240,119,280,2 396,237,436,277,2 396,331,436,371,0 391,418,431,458,0 81,335,121,375,0 83,426,123,466,0 43,106,83,146,0 41,13,81,53,0
/media/byd/A264AC9264AC6AAD/DataSet/corner_point/VOC2012/JPEGImages/2022.4.19_CZ-T-N3_9.jpg 73,135,113,175,0 68,348,108,388,0 69,432,109,472,0 364,355,404,395,0 359,437,399,477,0 370,140,410,180,0 78,54,118,94,2 371,55,411,95,2 72,221,112,261,2 70,258,110,298,2 371,228,411,268,2
/media/byd/A264AC9264AC6AAD/DataSet/corner_point/VOC2012/JPEGImages/2022.4.19_CZ-T-N4_1.jpg 0,343,33,383,0 326,371,366,411,0 347,222,387,262,2 340,285,380,325,2 8,256,48,296,2 356,134,396,174,0 364,50,404,90,0
/media/byd/A264AC9264AC6AAD/DataSet/corner_point/VOC2012/JPEGImages/2022.4.19_CZ-T-N4_10.jpg 424,299,464,339,2 68,35,108,75,0 65,214,105,254,0 65,307,105,347,0 68,395,108,435,0 399,388,439,428,2
/media/byd/A264AC9264AC6AAD/DataSet/corner_point/VOC2012/JPEGImages/2022.4.19_CZ-T-N4_100.jpg 407,190,447,230,2 408,131,448,171,2 63,127,103,167,2 61,181,101,221,2 63,439,103,479,2 407,279,447,319,0 403,363,443,403,0 65,36,105,76,0 59,270,99,310,0 62,359,102,399,0
/media/byd/A264AC9264AC6AAD/DataSet/corner_point/VOC2012/JPEGImages/2022.4.19_CZ-T-N4_102.jpg 59,427,99,467,0 67,193,107,233,0 404,436,444,476,0 413,200,453,240,0 413,114,453,154,0 408,37,448,77,2 407,348,447,388,2 63,284,103,324,2 60,341,100,381,2 74,24,114,64,2
/media/byd/A264AC9264AC6AAD/DataSet/corner_point/VOC2012/JPEGImages/2022.4.19_CZ-T-N4_103.jpg 416,188,456,228,0 413,278,453,318,0 65,276,105,316,0 65,181,105,221,0 414,101,454,141,2 69,92,109,132,2 65,363,105,403,2 66,413,106,453,2 412,48,452,88,2
